{
  "metadata": {
    "kernelspec": {
      "name": "python",
      "display_name": "Python (Pyodide)",
      "language": "python"
    },
    "language_info": {
      "codemirror_mode": {
        "name": "python",
        "version": 3
      },
      "file_extension": ".py",
      "mimetype": "text/x-python",
      "name": "python",
      "nbconvert_exporter": "python",
      "pygments_lexer": "ipython3",
      "version": "3.8"
    },
    "colab": {
      "name": "Practice6.ipynb",
      "provenance": []
    }
  },
  "nbformat_minor": 5,
  "nbformat": 4,
  "cells": [
    {
      "cell_type": "code",
      "source": "import numpy as np\nimport matplotlib.pyplot as plt\n%matplotlib inline",
      "metadata": {
        "id": "pointed-circulation",
        "trusted": true
      },
      "execution_count": 1,
      "outputs": [],
      "id": "pointed-circulation"
    },
    {
      "cell_type": "markdown",
      "source": "## Реалізація двовимірного дискретного косинусного перетворення\n\nМатриця перетворення для випадку N = 8 :\n\n$$ \nG_u = \\sqrt{\\frac{2}{N}} \\frac{1}{\\sqrt{2}} f_0 + \n\\sqrt{\\frac{2}{N}} \\sum_{x=1}^7 f_x \\, cos\\left( \\frac{\\pi}{8} (u + \\frac{1}{2}) x \\right)\n$$\n\n",
      "metadata": {
        "id": "authorized-wellington"
      },
      "id": "authorized-wellington"
    },
    {
      "cell_type": "markdown",
      "source": "Перетворення застосовується наступним чином (ДКП застосовується до кожного стовпця, а потім до кожного рядка):\n\n\n$$ G = {DCT} \\cdot f \\cdot {DCT}^{T} $$",
      "metadata": {
        "id": "forced-designer"
      },
      "id": "forced-designer"
    },
    {
      "cell_type": "code",
      "source": "a = np.random.randn(8,8)\nnp.set_printoptions(precision=3)",
      "metadata": {
        "id": "innocent-oregon"
      },
      "execution_count": null,
      "outputs": [],
      "id": "innocent-oregon"
    },
    {
      "cell_type": "code",
      "source": "print(a)",
      "metadata": {
        "id": "removed-choice",
        "outputId": "fb4dbca5-49f0-4eed-87bd-c6c0197afb49"
      },
      "execution_count": null,
      "outputs": [
        {
          "name": "stdout",
          "output_type": "stream",
          "text": "[[ 0.919 -1.833 -2.725 -0.755  0.176 -0.669  0.078  0.412]\n\n [ 1.095  0.596 -0.265 -1.441 -0.176 -0.437  0.137  0.111]\n\n [ 0.455 -0.864 -0.44  -0.824  2.183  1.124  0.909  0.004]\n\n [ 0.902 -0.873  0.348  0.323 -1.528  1.263  0.825  1.525]\n\n [ 0.693  0.996  0.037  2.361 -0.862 -1.163 -1.821 -0.594]\n\n [-0.079 -0.389  0.623 -1.302  0.959  0.417  1.069 -0.479]\n\n [-0.423  1.588 -0.957 -0.316  0.395  0.883  0.541 -1.228]\n\n [-1.153 -1.349  0.629 -0.316 -0.779  0.143 -0.379 -0.042]]\n"
        }
      ],
      "id": "removed-choice"
    },
    {
      "cell_type": "code",
      "source": "# транспонирование матрицы\na_transpose = a.transpose()\nprint(a_transpose)",
      "metadata": {
        "id": "spread-debut",
        "outputId": "25d8697e-874b-4470-c637-6254b431870f"
      },
      "execution_count": null,
      "outputs": [
        {
          "name": "stdout",
          "output_type": "stream",
          "text": "[[ 0.919  1.095  0.455  0.902  0.693 -0.079 -0.423 -1.153]\n\n [-1.833  0.596 -0.864 -0.873  0.996 -0.389  1.588 -1.349]\n\n [-2.725 -0.265 -0.44   0.348  0.037  0.623 -0.957  0.629]\n\n [-0.755 -1.441 -0.824  0.323  2.361 -1.302 -0.316 -0.316]\n\n [ 0.176 -0.176  2.183 -1.528 -0.862  0.959  0.395 -0.779]\n\n [-0.669 -0.437  1.124  1.263 -1.163  0.417  0.883  0.143]\n\n [ 0.078  0.137  0.909  0.825 -1.821  1.069  0.541 -0.379]\n\n [ 0.412  0.111  0.004  1.525 -0.594 -0.479 -1.228 -0.042]]\n"
        }
      ],
      "id": "spread-debut"
    },
    {
      "cell_type": "code",
      "source": "np.dot()",
      "metadata": {
        "id": "ready-simple"
      },
      "execution_count": null,
      "outputs": [],
      "id": "ready-simple"
    }
  ]
}